-0.0575025
-0.104356
-0.0894551
0.00177595
0.0964086
0.0316098
-0.0861718
-0.0411381
-0.000984506
-0.0296037
0.0382157
0.00835294
0.0297923
0.0977745
0.000639383
-0.0526471
-0.0392321
-0.0669004
0.0388888
0.0902885
-0.0584919
-0.0217928
-0.0409256
-0.158562
0.0226379
-0.011176
0.0672385
-0.0251401
-0.0337231
0.0622009
0.00418698
-0.00222041
0.0159407
0.0588997
-0.031379
0.00473712
0.0203894
-0.0432722
-0.00206733
0.000135701
-0.029765
-0.113797
0.0184908
-0.0276485
-0.0803714
0.0397745
0.00495587
0.110741
-0.00851341
0.0157416
0.11581
0.123344
0.0520539
0.0405348
-0.0206899
0.150924
-0.135014
0.0411029
0.147231
-0.182615
-0.0501925
0.214387
0.0875354
0.0220622
0.0665705
-0.161665
-0.0184553
-0.0423624
0.00411872
-0.0543518
0.0314828
-0.193768
-0.0255719
0.0710657
-0.184677
-0.0106473
0.0164019
0.0474098
-0.051412
-0.0123988
-0.0405209
-0.0307336
0.0217982
0.0500658
0.0928904
-0.0579974
-0.0293489
0.0366549
-0.00296129
0.0153702
-0.0308411
-0.103388
-0.0178493
-0.114972
0.112411
0.0526091
-0.0487531
-0.0312918
-0.0533001
-0.0212571
-0.00184627
-0.185085
-0.138521
-0.0962218
0.177456
0.028233
-0.0192501
0.0845751
-0.0384185
-0.0883765
0.140826
0.134211
0.0614149
0.0132744
0.129909
-0.102441
-0.142162
-0.0147165
-0.0150957
0.0525371
0.0946697
0.0169082
-0.0962229
-0.159057
-0.0314602
0.0781113
-0.090796
0.0689179
0.0306143
0.166464
-0.0747939
0.0163446
0.0101736
0.0580873
-0.0158132
0.0623852
-0.100192
0.039791
0.0258321
-0.0783961
0.0378919
0.120183
-0.0824622
-0.0712142
-0.0178776
0.0407241
0.0272451
-0.0188574
0.199976
0.0771762
-0.0147195
-0.111687
0.0852608
0.04005
-0.0175311
-0.0631131
0.0231513
0.145116
0.123555
0.0127083
