0.0825366
-0.0517628
-0.118244
-0.0146781
0.0446181
0.0067362
-0.00720988
-0.0940733
-0.125994
0.000709803
0.0917608
0.0898803
0.0760916
0.0107829
0.0440314
0.000952951
-0.190847
-0.0346999
-0.0548573
0.00959698
-0.0312893
0.0235727
0.0455962
-0.0191171
0.0572753
0.0321138
0.0391949
-0.0299506
0.10972
0.0413313
0.0482821
-0.0988394
-0.0415251
0.107304
-0.0463042
-0.109713
0.120424
0.0302496
0.0177737
-0.0750204
-0.0222641
-0.0865932
0.0772075
-0.0139874
-0.053777
0.0567787
-0.051151
0.0855421
0.0191475
-0.0604894
0.00973403
0.182826
0.0160881
0.0935593
0.0507324
0.0830561
-0.150034
0.0684923
0.0559388
-0.115486
0.0237122
0.203894
0.0622561
0.0220344
-0.201157
-0.0907822
0.0810191
-0.0155524
0.0477114
-0.0698037
-0.0663338
-0.0748652
-0.0481201
0.0165381
-0.111082
-0.00808401
-0.00330819
0.135648
0.0507365
-0.0281463
0.106537
0.0181849
-0.0792119
0.0832983
0.15785
0.0860259
-0.044528
0.0712168
0.0649815
0.0590515
-0.160164
-0.0150349
-0.1031
0.0261008
0.0483794
-0.0738559
0.0462254
-0.0281755
0.0676534
0.0163267
0.0189125
-0.0170783
-0.109812
-0.0108999
0.0711281
0.0443662
-0.0900571
0.140993
-0.0670094
-0.0240125
0.0917709
-0.00458864
0.0128262
-0.00551055
0.0609928
-0.0404504
-0.106264
-0.0396283
0.0767313
-0.0152248
0.0930354
-0.0370685
-0.0937864
-0.0764763
-0.146132
0.0934691
-0.0878066
-0.0298352
0.0342837
-0.108379
-0.000149275
-0.0167716
-0.0751481
0.0209677
0.143266
0.0241908
-0.0569648
0.0844344
0.134281
-0.0174703
0.132608
0.184367
-0.0196189
-0.0778586
-0.0069447
-0.0767033
0.0964748
0.0462669
0.110126
0.0382856
-0.0126386
-0.135821
0.0229936
0.0796383
0.031375
-0.108211
-0.0195016
0.204937
0.0244315
0.00125376
