-0.0629996
0.122541
-0.12636
0.00493877
0.0865049
-0.0675959
0.0293738
-0.0376952
0.0113671
0.0266353
0.192684
-0.129945
-0.0209727
0.0510877
-0.0191129
-0.0131103
0.00413181
-0.103968
-0.0579451
0.12071
-0.00914247
0.039003
0.0237108
0.0714955
-0.000537645
0.000302409
-0.00565384
0.0357927
0.0213076
0.0420329
0.141549
-0.0789921
-0.0300665
-0.0160153
-0.100203
-0.000733776
0.0166819
-0.0742164
-0.0298396
-0.0680241
0.142794
-0.169001
-0.00753191
0.046369
-0.0996208
-0.130801
0.0569805
0.0151824
-0.0834504
0.0209462
0.0724697
-0.00175188
0.0921308
0.143127
-0.0126636
0.0912387
0.121662
0.153159
0.043019
-0.029157
0.180895
0.175412
0.109731
0.0280909
-0.106536
-0.102042
0.0560418
-0.0489732
-0.0787057
-0.0601371
0.0456809
-0.0957218
0.0135646
-0.0479871
-0.0766727
-0.0718525
-0.104224
-0.0559866
-0.0818988
-0.113409
0.0911457
0.0113099
0.0436575
0.0703932
0.0721607
-0.0251162
0.0418915
0.0843554
0.0118968
-0.0065334
0.0248517
0.13698
-0.0626255
0.0745361
0.0525309
0.0918593
0.0551247
-0.0580624
-0.126844
0.0336398
0.00116053
-0.0083962
-0.16627
-0.0118771
0.0747126
-0.0953044
-0.0607305
-0.131473
0.0251105
0.158372
0.0205418
-0.03186
0.0572856
0.0865778
-0.03177
-0.117653
0.0735984
-0.0230686
0.111359
-0.0471233
0.198835
-0.0439359
-0.02406
-0.154927
-0.0599535
0.0499482
0.0348948
-0.0693191
-0.00527368
0.110946
0.0372449
-0.0144267
0.0335596
0.105107
0.0322184
0.0362262
-0.0991697
0.073467
-0.0329068
0.00117715
-0.0708978
0.0935727
-0.0710021
0.00667976
0.147012
0.0539792
-0.080637
-0.14288
0.00756284
0.00735874
-0.0365945
-0.0986977
0.0455371
0.0293372
0.0274616
0.0915613
0.0768307
0.060997
-0.0501565
-0.00289711
