-0.0454941
-0.171808
-0.137246
0.0774362
0.0164781
0.0423509
-0.0330255
0.0273892
-0.0985224
0.0357827
0.167999
-0.0338864
0.152163
0.0550067
-0.133402
-0.0619288
-0.0510266
-0.0365553
0.00989823
-0.0141195
-0.0883194
0.0217639
0.0967533
-0.0371568
0.0891736
-0.0258487
-0.0340083
0.00893742
0.0781298
0.0489917
0.149991
0.0330677
-0.00219396
-0.0736482
0.0218872
-0.0255818
0.102567
0.0914239
-0.132632
-0.0546149
0.110191
-0.0871537
0.0767009
-0.0985647
-0.0822384
-0.0255798
0.0439926
0.0818205
-0.00689433
0.0605109
0.066762
0.0990101
0.134903
-0.0664418
0.000612062
-0.0432558
-0.0476336
0.10393
0.119896
-0.122844
0.0266342
0.141881
0.138352
-0.0166242
0.0394905
-0.00445317
-0.0112176
0.00998136
0.0452832
0.0214839
0.111883
-0.086103
-0.0778234
-0.030918
-0.0257582
-0.00698446
-0.018919
-0.0251312
0.132134
-0.08237
0.0816693
-0.0966189
0.048509
0.0147497
0.155229
-0.013141
0.0547909
0.00733877
0.0397987
0.0272531
-0.0992633
0.0525774
-0.106385
-0.0768167
0.0665619
-0.121629
0.104095
-0.0711466
-0.109517
0.0627733
-0.0137905
0.0571638
-0.127574
0.0447999
0.0247774
0.00795861
0.0111362
0.122064
-0.131475
-0.0202809
0.0176143
0.0760731
0.080673
0.0375168
-0.0260229
-0.0976973
-0.00278541
-0.0320364
0.0628311
-0.00236421
0.193297
-0.0103031
0.00307799
0.0500685
-0.144829
0.235997
0.0332606
-0.0526373
-0.0588882
0.00960458
-0.0494716
0.0539445
0.0866603
0.0702374
0.0203271
0.132006
-0.0619704
0.137907
0.0420354
-0.137804
0.0589784
0.0775701
-0.0105925
0.0442947
0.0957439
-0.0214839
0.0919337
-0.0279557
0.134193
0.00917
0.0998965
-0.0495684
-0.0317304
0.0347658
0.122574
0.00716163
-0.0243415
0.0393618
-0.00649896
0.095829
