0.0279059
0.0923174
-0.0330047
0.0274145
0.140808
-0.0193214
-0.00404005
0.00801348
-0.0594903
-0.00262399
0.201869
0.0129287
-0.00719402
0.0660525
0.0581217
-0.0437794
-0.00914368
-0.0558587
-0.0470423
0.0469212
-0.0527874
-0.0327502
0.0480761
0.0847515
-0.0759261
-0.0828013
-0.0615548
0.0310907
-0.00366435
0.0228009
0.154498
-0.0783988
-0.0819917
-0.0125142
-0.056732
-0.124718
0.0795403
-0.0135254
0.0740158
0.0288492
0.182262
-0.0469584
0.0414807
0.00427116
-0.0813347
-0.111038
0.0160954
-0.0308195
-0.0179633
-0.026972
0.0839883
0.0676254
0.127171
0.139404
0.0342296
0.110144
0.0777025
0.0572153
0.116135
-0.0666097
0.101233
0.196493
0.136115
0.0186659
-0.133026
-0.04689
0.0108355
-0.0736058
0.0745258
-0.0612687
0.0440959
-0.0773951
0.0093169
-0.0335373
-0.143597
-0.029534
-0.0476848
-0.00787504
-0.0193862
-0.0742563
0.0480188
-0.035929
-0.0349721
0.0385281
0.0681757
0.0386378
0.123931
0.0112057
0.0590819
0.00850068
-0.084216
6.72363e-05
-0.0523758
-0.0287841
0.150786
0.0484357
-0.0117902
-0.0456713
-0.141142
0.0313531
0.0554582
-0.098757
-0.192412
-0.0240705
0.12164
-0.0372285
0.0195845
-0.0432054
-0.0642109
0.0452544
0.0914434
0.032198
-0.0156727
0.10708
0.00797476
-0.0956818
0.0160171
0.0444924
0.093445
0.0965701
0.169125
-0.0578777
-0.00636825
-0.0814909
0.0110492
0.100484
0.0392697
0.00499168
-0.103442
0.0776982
-0.0860359
-0.0501943
0.112913
0.195761
0.00142502
0.0332403
0.0300191
0.0448027
0.0349664
-0.0863741
0.0516829
0.164684
-0.0234217
0.0145939
0.144018
-0.0774338
-0.0297552
-0.00723256
-0.0203548
0.0275441
0.0474643
-0.0553478
-0.0100092
0.213254
0.0312642
0.00263633
0.105561
0.117862
-0.149408
0.0636254
