0.0547909
-0.0581142
-0.0882158
0.00406689
0.0157569
-0.00910098
-0.050508
-0.07719
0.00807824
0.0723122
0.211348
0.0614462
0.0335495
0.0965128
-0.0143797
-0.0900191
-0.0320244
-0.0988605
-0.0147752
-0.0174262
-0.0593549
-0.0763854
0.0780925
0.0680054
0.0615052
-0.0164626
-0.102631
-0.0602699
0.09508
0.107814
0.129837
0.0608286
-0.00915744
-0.00443152
-0.114349
-0.0423841
-0.0667817
-0.0831048
-0.0420645
0.0378561
0.0840165
0.000935074
-0.106628
-0.0594843
0.0133818
-0.104625
0.115787
-0.0919622
0.0370123
0.070852
0.0532097
-0.0412404
0.076705
0.0528162
0.104461
0.105056
0.0333466
0.00681225
0.105416
0.0339695
-0.0122368
0.104743
0.153668
-0.0373449
-0.0342725
0.0110904
0.0770571
0.0731558
0.106113
-0.018885
0.0833206
-0.149972
-0.00290949
0.0115819
-0.092563
-0.134806
-0.0549467
0.0430437
0.000676778
-0.0317443
0.213842
0.056216
0.00100913
0.0574009
0.00219587
0.0318754
-0.0226854
-0.0378031
0.0151505
-0.00151652
-0.0570756
0.0612159
-0.0642794
-0.0737832
-0.00432469
-0.18497
-0.0638287
-0.00495063
-0.0894986
-0.0146133
0.010437
-0.052266
-0.153957
-0.0171072
0.230163
-0.105549
0.108672
-0.0642615
-0.0876524
0.0841621
0.0789284
0.0427362
-0.0256494
-0.0650168
-0.0599354
-0.108419
0.0752567
0.111639
0.0505309
0.0520045
0.153236
-0.0774275
-0.0111932
-0.0564071
-0.0719741
0.0472553
0.0910159
0.04643
-0.12634
-0.012346
0.0168387
-0.0165993
-0.0695044
0.0984119
-0.0456659
0.154163
-0.0586253
0.11343
0.058258
-0.11329
0.0147368
0.0969296
-0.00212393
0.12298
0.121335
-0.00550699
0.0116809
0.110367
0.171317
-0.00889587
0.0192837
-0.0307845
-0.0406837
0.00682149
0.027878
-0.102887
0.029107
0.114903
-0.0906762
-0.0412138
