0.045989
0.0305727
-0.0574175
0.032266
-0.0711127
-0.0610544
-0.0868185
-0.106434
0.0421205
0.0278561
0.263048
-0.0406235
-0.0121827
0.168433
-0.000181488
-0.0168355
-0.0979118
-0.121601
0.0181607
0.0532668
-0.0448156
-0.0495178
-0.0217468
0.0730591
0.0743749
-0.00174418
-0.05815
-0.0834648
0.0606474
0.0766392
0.119324
-0.0149402
-0.0191879
0.00705481
-0.0972079
-0.00109977
-0.0197286
-0.100176
-0.0598649
-0.0714605
0.117375
-0.0440262
-0.0468773
0.0316812
0.00187503
-0.0358499
0.173935
-0.0254321
-0.0620753
0.0815705
0.091907
-0.0236008
0.0843432
0.0914474
0.0122263
0.0449366
0.0192923
0.107396
0.137919
-0.0201644
0.118789
0.121672
0.189939
0.00726034
0.0101877
-0.0636673
0.046259
0.0424964
0.0878469
-0.0651142
0.120644
-0.0722678
-0.00219331
-0.0563403
-0.040792
-0.0643411
-0.0646538
0.0336489
-0.024106
-0.0299912
0.190676
0.015997
-0.0830902
0.0145098
0.119477
0.0273073
0.0193311
-0.0121088
-0.00634531
0.0777608
-0.0554057
0.125367
-0.0518209
-0.0178154
-0.0164038
-0.151489
-0.00269425
-0.0305662
-0.00623838
0.0460124
0.017583
0.00617829
-0.172535
0.00412504
0.0828146
-0.0690349
0.0414681
-0.0151659
-0.0561751
0.102636
0.00151753
0.0169681
-0.0264198
0.0266438
-0.141987
-0.162524
0.0823417
0.103155
0.114007
0.032837
0.198931
-0.0865562
-0.01062
-0.00922724
-0.0135119
0.0806948
0.183084
-0.0299266
-0.098201
-0.0015226
0.00150304
0.0533063
-0.0617707
0.0539604
0.0381355
0.100605
-0.103633
0.0891198
0.0616933
-0.0788312
0.0372082
0.163635
0.0308629
0.0738315
0.159605
-0.0228469
-0.0892104
0.0781147
0.118742
-0.0121366
0.0131741
-0.0331927
0.00118325
0.0630304
0.00865157
0.0147647
0.0831606
0.0787255
-0.0989119
0.00453016
