-0.12583
-0.140673
-0.207099
0.0945013
-0.00958825
0.0821598
-0.0112665
-0.0580172
-0.0501938
0.0210093
0.174532
-0.0894077
0.146743
-0.0411996
-0.193135
0.0597559
-0.0257476
-0.0172018
-0.0690327
0.114128
-0.0123
0.0550009
0.0491644
-0.0482646
0.0455579
-0.0515291
-0.0560733
0.0138181
0.0878464
0.0429824
0.076026
-0.02611
0.0748556
-0.0101248
-0.0432378
0.0371784
0.127868
0.00342854
-0.141824
-0.0580964
0.0636493
-0.0757445
-0.0217027
-0.0782397
-0.0465019
0.0185201
0.0774263
0.109804
0.0232484
0.050099
0.0473698
0.0807203
0.0603153
0.0443311
0.0662645
-0.0070015
-0.0806091
0.111972
0.00917191
-0.188019
0.0591799
0.096754
0.152928
0.00249625
0.0331951
0.0177037
0.0270489
-0.0273034
0.0183876
0.01771
-0.0308623
-0.102363
-0.0362685
-0.0748696
-0.0418054
-0.106723
0.0242838
-0.0272869
0.0883974
-0.0287938
0.116712
-0.141986
0.0114098
0.0083065
0.105483
-0.0290806
0.0836767
0.0504503
-0.0240032
0.0448941
-0.0666577
0.0960655
-0.0836865
0.0434312
0.0133403
-0.0468347
0.105854
0.00473146
-0.131979
0.020437
0.00264623
0.0667292
-0.139105
0.116005
0.0218157
0.0592071
-0.019773
0.111969
-0.111113
0.030266
-0.0418309
0.125235
0.0506921
-0.0130534
-0.0665284
-0.132912
0.0553142
-0.126649
-0.00360841
-0.0611037
0.154933
0.00156131
-0.0938547
0.00653948
-0.0933319
0.168118
0.0434911
-0.104914
0.0212778
-0.0370457
-0.0231313
0.0905745
0.106069
0.0716062
0.0455503
-0.0195641
-0.136343
0.0760865
0.0790342
-0.0591881
-0.0233289
0.0609702
-0.0125554
0.0591479
0.160432
0.000156248
0.0216733
-0.131257
0.133258
-0.0112633
0.121354
-0.0498762
-0.0760587
0.048883
-0.00265957
-0.0211967
-0.0829727
0.0562929
0.0704682
-0.0400018
