-0.00835221
-0.166436
-0.127045
0.075132
0.103243
0.0176737
-0.0470956
0.0511358
-0.0496686
0.00111628
0.157439
0.0145374
0.0672971
0.0306853
-0.110583
0.0515564
-0.027188
-0.0518437
-0.0964364
0.0477144
-0.0236891
0.0579744
0.125541
-0.0954483
0.0194468
-0.114529
-0.107617
0.00507469
0.0161933
0.0595116
0.102292
-0.0128118
0.00708519
-0.145519
-0.0606473
-0.0735785
0.144956
0.0346695
-0.115252
0.076582
0.16738
-0.101836
0.0468659
-0.072201
-0.0794796
0.00655899
-0.0139664
0.106328
0.0457267
0.00915464
0.0490893
0.108173
0.106038
-0.025762
0.046357
0.0094285
-0.0213795
0.0668881
0.180382
-0.131297
0.0940977
0.0985342
0.117024
-0.00124826
0.0655022
-0.0141437
0.0700718
0.0491581
0.14686
0.0123342
0.0331044
-0.0625132
-0.0212445
-0.0410519
-0.0990573
-0.0188184
-0.0180869
-0.00904904
0.182334
-0.101844
0.0326753
-0.0853436
0.0221536
-0.0328785
0.125473
0.0191102
0.165732
0.00454457
0.040925
0.09598
-0.0512732
-0.0147929
0.000166875
-0.0324589
0.0570023
-0.0615215
0.125435
-0.0939222
-0.136023
0.0861269
0.025759
0.026412
-0.0677232
0.0804125
0.0643113
0.0477238
-0.0101163
0.016792
-0.215944
0.0057226
-0.0422497
0.0607528
0.0121738
-0.0303421
-0.0498991
-0.0747301
0.0345857
-0.06264
0.0651198
-0.0944155
0.143744
-0.026907
-0.0898936
-0.0130459
-0.0818213
0.162752
0.0112414
-0.0977164
-0.0161219
-0.0165645
-0.077679
0.0509083
0.0941335
0.0874119
0.11686
0.0456751
-0.0723203
0.0702076
-0.00842706
-0.0403098
0.0757985
0.108109
0.0539586
0.0628149
0.115625
-0.0308505
0.0211707
-0.0554013
0.127427
0.00323646
0.0615136
-0.0186503
-0.0928101
0.0630779
-0.0096747
0.0207641
-0.121188
-0.00473771
0.0306275
0.119434
