-0.0398666
0.11839
0.041837
0.0345528
0.070758
-0.0337105
-0.00548061
-0.0742692
-0.0438294
-0.0262334
0.247785
0.0056483
0.040134
0.0737566
-0.0143681
0.0268446
-0.00712365
-0.0703644
0.0321375
0.100643
-0.0208223
-0.0622636
0.0543826
0.0204541
0.0210427
-0.0190721
-0.0617402
0.00743691
-0.0279096
0.0659672
0.118893
-0.0275181
0.00645453
-0.0137599
-0.103936
-0.0879906
0.0138683
-0.0868049
-0.0317
-0.000105272
0.161974
-0.124421
0.0629149
-0.0196703
0.00655737
-0.118815
0.0878288
-0.0210088
-0.0454379
-0.00386143
0.0301893
-0.0820021
0.0764529
0.0677085
-0.00761545
0.152135
0.0155177
0.107662
0.0851117
-0.0331011
0.0317088
0.187353
0.199127
-0.0649674
-0.0958981
-0.131096
0.0603384
-0.0276789
0.0640834
-0.020737
0.136342
-0.105184
-0.0158378
0.00623939
-0.0177474
-0.102123
-0.0728321
-0.0609785
0.00260538
0.00758335
0.101826
-0.0555121
-0.0627771
0.0334081
0.0439218
0.0744638
0.173689
-0.0452099
-0.0520211
0.0191672
-0.0153312
0.0347173
-0.0838611
-0.0368159
0.0647052
-0.0693509
-0.000388187
0.00515634
-0.139
-0.0243113
0.0288012
-0.0228763
-0.193694
0.0405227
0.0919512
-0.0641642
0.0122883
-0.0427395
-0.105718
0.080593
0.0659134
0.0512172
0.033597
0.0668514
-0.0657733
-0.120558
0.0568646
0.0762677
0.126611
0.0334393
0.229655
-0.0477736
-0.0382465
-0.0773795
0.0755047
0.160503
0.0256488
-0.00392831
-0.0747578
0.0609791
-0.00146706
0.00929824
0.00338833
0.106152
-0.0135963
0.0776576
-0.0106556
0.0804031
0.0474455
-0.0376811
0.0781406
0.131508
0.0373098
0.0666319
0.202025
-0.0913294
-0.102729
-0.0658177
0.065289
0.0424483
-0.0128667
-0.0605707
-0.0520686
0.0679466
0.026397
0.0526644
0.172269
0.0600052
-0.118728
0.035115
